1111111111111111111111111111111111111111111111111111111111111111111111111111111111111111111111111111111111111111111111111111111111111111111111111111111111111111
1111111111111111111111111111111111111111111111111111111111111111111111111111111111111111111111111111111111111111111111111111111111111111111111111111111111111111
1111111111111111111111111111111111111111111111111111111111111111111111111111111111111111111111111111111111111111111111111111111111111111111111111111111111111111
1111111111111111111111111111111111111111111111111111111111111111111111111111111111111111111111111111111111111111111111111111111111111111111111111111111111111111
1111111111111111111111111111111111111111111111111111111111111111111111111111111111111111111111111111111111111111111111111111111111111111111111111111111111111111
1111111111111111111111111111111111111111111111111111111111111111111111111111111111111111111111111111111111111111111111111111111111111111111111111111111111111111
1111111111111111111111111111111111111111111111111111111111111111111111111111111111111111111111111111111111111111111111111111111111111111111111111111111111111111
1111111111111111111111111111111111111111111111111111111111111111111111111111111111111111111111111111111111111111111111111111111111111111111111111111111111111111
1111111111111111111111111111111111111111111111111111111111111111111111111111111111111111111111111111111111111111111111111111111111111111111111111111111111111111
1111111111111111111111111111111111111111111111111111111111111111111111111111111111111111111111111111111111111111111111111111111111111111111111111111111111111111
1111111111111111111111111111111111111111111111111111111111111111111111111111111111111111111111111111111111111111111111111111111111111111111111111111111111111111
1111111111111111111111111111111111111111111111111111111111111111111111111111111111111111111111111111111111111111111111111111111111111111111111111111111111111111
1111111111111111111111111111111111111111111111111111111111111111111111111111111111111111111111111111111111111111111111111111111111111111111111111111111111111111
1111111111111111111111111111111111111111111111111111111111111111111111111111111111111111111111111111111111111111111111111111111111111111111111111111111111111111
1111111111111111111111111111111111111111111111111111111111111111111111111111111111111111111111111111111111111111111111111111111111111111111111111111111111111111
1111111111111111111111111111111111111111111111111111111111111111111111111111111111111111111111111111111111111111111111111111111111111111111111111111111111111111
1111111111111111111111111111111111111111111111111111111111111111111111111111111111111111111111111111111111111111111111111111111111111111111111111111111111111111
1111111111111111111111111111111111111111111111111111111111111111111111111111111111111111111111111111111111111111111111111111111111111111111111111111111111111111
1111111111111111111111111111111111111111111111111111111111111111111111111111111111111111111111111111111111111111111111111111111111111111111111111111111111111111
1111111111111111111111111111111111111111111111111111111111111111111111111111111111111111111111111111111111111111111111111111111111111111111111111111111111111111
1111111111111111111111111111111111111111111111111111111111111111111111111111111111111111111111111111111111111111111111111111111111111111111111111111111111111111
1111111111111111111111111111111111111111111111111111111111111111111111111111111111111111111111111111111111111111111111111111111111111111111111111111111111111111
1111111111111111111111111111111111111111111111111111111111111111111111111111111111111111111111111111111111111111111111111111111111111111111111111111111111111111
1111111111111111111111111111111111111111111111111111111111111111111111111111111111111111111111111111111111111111111111111111111111111111111111111111111111111111
1111111111111111111111111111111111111111111111111111111111111111111111111111111111111111111111111111111111111111111111111111111111111111111111111111111111111111
1111111111111111111111111111111111111111111111111111111111111111111111111111111111111111111111111111111111111111111111111111111111111111111111111111111111111111
1111111111111111111111111111111111111111111111111111111111111111111111111111111111111111111111111111111111111111111111111111111111111111111111111111111111111111
1111111111111111111111111111111111111111111111111111111111111111111111111111111111111111111111111111111111111111111111111111111111111111111111111111111111111111
1111111111111111111111111111111111111111111111111111111111111111111111111111111111111111111111111111111111111111111111111111111111111111111111111111111111111111
1111111111111111111111111111111111111111111111111111111111111111111111111111111111111111111111111111111111111111111111111111111111111111111111111111111111111111
1111111111111111111111111111111111111111111111111111111111111111111111111111111111111111111111111111111111111111111111111111111111111111111111111111111111111111
1111111111111111111111111111111111111111111111111111111111111111111111111111111111111111111111111111111111111111111111111111111111111111111111111111111111111111
1111111111111111111111111111111111111111111111111111111111111111111111111111111111111111111111111111111111111111111111111111111111111111111111111111111111111111
1111111111111111111111111111111111111111111111111111111111111111111111111111111111111111111111111111111111111111111111111111111111111111111111111111111111111111
1111111111111111111111111111111111111111111111111111111111111111111111111111111111111111111111111111111111111111111111111111111111111111111111111111111111111111
1111111111111111111111111111111111111111111111111111111111111111111111111111111111111111111111111111111111111111111111111111111111111111111111111111111111111111
1111111111111111111111111111111111111111111111111111111111111111111111111111111111111111111111111111111111111111111111111111111111111111111111111111111111111111
1111111111111111111111111111111111111111111111111111111111111111111111111111111111111111111111111111111111111111111111111111111111111111111111111111111111111111
1111111111111111111111111111111111111111111111111111111111111111111111111111111111111111111111111111111111111111111111111111111111111111111111111111111111111111
1111111111111111111111111111111111111111111111111111111111111111111111111111111111111111111111111111111111111111111111111111111111111111111111111111111111111111
1111111111111111111111111111111111111111111111111111111111111111111111111111111111111111111111111111111111111111111111111111111111111111111111111111111111111111
1111111111111111111111111111111111111111111111111111111111111111111111111111111111111111111111111111111111111111111111111111111111111111111111111111111111111111
1111111111111111111111111111111111111111111111111111111111111111111111111111111111111111111111111111111111111111111111111111111111111111111111111111111111111111
1111111111111111111111111111111111111111111111111111111111111111111111111111111111111111111111111111111111111111111111111111111111111111111111111111111111111111
1111111111111111111111111111111111111111111111111111111111111111111111111111111111111111111111111111111111111111111111111111111111111111111111111111111111111111
1111111111111111111111111111111111111111111111111111111111111111111111111111111111111111111111111111111111111111111111111111111111111111111111111111111111111111
1111111111111111111111111111111111111111111111111111111111111111111111111111111111111111111111111111111111111111111111111111111111111111111111111111111111111111
1111111111111111111111111111111111111111111111111111111111111111111111111111111111111111111111111111111111111111111111111111111111111111111111111111111111111111
1111111111111111111111111111111111111111111111111111111111111111111111111111111111111111111111111111111111111111111111111111111111111111111111111111111111111111
1111111111111111111111111111111111111111111111111111111111111111111111111111111111111111111111111111111111111111111111111111111111111111111111111111111111111111
1111111111111111111111111111111111111111111111111111111111111111111111111111111111111111111111111111111111111111111111111111111111111111111111111111111111111111
1111111111111111111111111111111111111111111111111111111111111111111111111111111111111111111111111111111111111111111111111111111111111111111111111111111111111111
1111111111111111111111111111111111111111111111111111111111111111111111111111111111111111111111111111111111111111111111111111111111111111111111111111111111111111
1111111111111111111111111111111111111111111111111111111111111111111111111111111111111111111111111111111111111111111111111111111111111111111111111111111111111111
1111111111111111111111111111111111111111111111111111111111111111111111111111111111111111111111111111111111111111111111111111111111111111111111111111111111111111
1111111111111111111111111111111111111111111111111111111111111111111111111111111111111111111111111111111111111111111111111111111111111111111111111111111111111111
1111111111111111111111111111111111111111111111111111111111111111111111111111111111111111111111111111111111111111111111111111111111111111111111111111111111111111
1111111111111111111111111111111111111111111111111111111111111111111111111111111111111111111111111111111111111111111111111111111111111111111111111111111111111111
1111111111111111111111111111111111111111111111111111111111111111111111111111111111111111111111111111111111111111111111111111111111111111111111111111111111111111
1111111111111111111111111111111111111111111111111111111111111111111111111111111111111111111111111111111111111111111111111111111111111111111111111111111111111111
1111111111111111111111111111111111111111111111111111111111111111111111111111111111111111111111111111111111111111111111111111111111111111111111111111111111111111
1111111111111111111111111111111111111111111111111111111111111111111111111111111111111111111111111111111111111111111111111111111111111111111111111111111111111111
1111111111111111111111111111111111111111111111111111111111111111111111111111111111111111111111111111111111111111111111111111111111111111111111111111111111111111
1111111111111111111111111111111111111111111111111111111111111111111111111111111111111111111111111111111111111111111111111111111111111111111111111111111111111111
1111111111111111111111111111111111111111111111111111111111111111111111111111111111111111111111111111111111111111111111111111111111111111111111111111111111111111
1111111111111111111111111111111111111111111111111111111111111111111111111111111111111111111111111111111111111111111111111111111111111111111111111111111111111111
1111111111111111111111111111111111111111111111111111111111111111111111111111111111111111111111111111111111111111111111111111111111111111111111111111111111111111
1111111111111111111111111000111111111111111111111111111111111111111111110001111111111111111111111111111111111111111111111111111111111111111111111111111111111111
1111111111111111111111110000111111111111111111111111111111111111111111100000111111111111111111111111111111111111111111111111111111111111111111111111111111111111
1111111111111111111111100000111111111111111111111111111111111111111111100001111111111111111111111111111111111111111111111111111111111111111111111111111111111111
1111111111111111111111100001111111111111111111111111111111111111111111100001111111111111111111111111111111111111111111111111111111111111111111111111111111111111
1111111111111111111111110111111111111111111111111111111111111111111111111001111111111111111111111111111111111111111111111111111111111111111111111111111111111111
1111111111111111111111111111111111111111111111111111111111111111111111111111111111111111111111111111111111111111111111111111111111111111111111111111111111111111
1111111111111111111111111111111111111111111111111111111111111111111111111111111111111111111111111111111111111111111111111111111111111111111111111111111111111111
1111111111111111111111111111111111111111111111111111111111111111111111111111111111111111111111111111111111111111111111111111111111111111111111111111111111111111
1111111111111111111111111111111111111111111111111111111111111111111111111111111111111111111111111111111111111111111111111111111111111111111111111111111111111111
1111111111111111111111111111111111111111111111111111111111111111111111111111111111111111111111111111111111111111111111111111111111111111111111111111111111111111
1111111111111111111111111100001111111111111111111111111111110000111111111111111111111111111111111111111111111111111111111111111111111111111111111111111111111111
1111111111111111111111111100000011111111111111111111111111000000011111111111111111111111111111111111111111111111111111111111111111111111111111111111111111111111
1111111111111111111111111000000000111111111111111111111110000000001111111111111111111111111111111111111111111111111111111111111111111111111111111111111111111111
1111111111111111111111111000000000011111111111111111111100000000001111111111111111111111111111111111111111111111111111111111111111111111111111111111111111111111
1111111111111111111111111000000000011111111111111111111000000000000111111111111111111111111111111111111111111111111111111111111111111111111111111111111111111111
1111111111111111111111111000000000011111111111111111111000000000000111111111111111111111111111111111111111111111111111111111111111111111111111111111111111111111
1111111111111111111111111000000000011111111111111111110000000000001111111111111111111111111111111111111111111111111111111111111111111111111111111111111111111111
1111111111111111111111111100000000011111111111111111110000000000001111111111111111111111111111111111111111111111111111111111111111111111111111111111111111111111
1111111111111111111111111110000000011111111111111111110000000000011111111111111111111111111111111111111111111111111111111111111111111111111111111111111111111111
1111111111111111111111111111100000011111111111111111111000000000111111111111111111111111111111111111111111111111111111111111111111111111111111111111111111111111
1111111111111111111111111111111111111111111111111111111111111111111111111111111111111111111111111111111111111111111111111111111111111111111111111111111111111111
1111111111111111111111111111111111111111111111111111111111111111111111111111111111111111111111111111111111111111111111111111111111111111111111111111111111111111
1111111111111111111111111111111111111111111111111111111111111111111111111111111111111111111111111111111111111111111111111111111111111111111111111111111111111111
1111111111111111111111111111111111111111111111111111111111111111111111111111111111111111111111111111111111111111111111111111111111111111111111111111111111111111
1111111111111111111111111111111111111111111111111111111111111111111111111111111111111111111111111111111111111111111111111111111111111111111111111111111111111111
1111111111111111111111111111111111111111111111111111111111111111111111111111111111111111111111111111111111111111111111111111111111111111111111111111111111111111
1111111111111111111111111111111111111111111111111111111111111111111111111111111111111111111111111111111111111111111111111111111111111111111111111111111111111111
1111111111111111111111111111111111111111111111111111111111111111111111111111111111111111111111111111111111111111111111111111111111111111111111111111111111111111
1111111111111111111111111111111111111111111111111111111111111111111111111111111111111111111111111111111111111111111111111111111111111111111111111111111111111111
1111111111111111111111111111111111111111111111111111111111111111111111111111111111111111111111111111111111111111111111111111111111111111111111111111111111111111
1111111111111111111111111111111111111111111111111111111111111111111111111111111111111111111111111111111111111111111111111111111111111111111111111111111111111111
1111111111111111111111111111111111111111111111111111111111111111111111111111111111111111111111111111111111111111111111111111111111111111111111111111111111111111
1111111111111111111111111111111111111111111111111111111111111111111111111111111111111111111111111111111111111111111111111111111111111111111111111111111111111111
1111111111111111111111111111111111111111111111111111111111111111111111111111111111111111111111111111111111111111111111111111111111111111111111111111111111111111
1111111111111111111111111111111111111110000111111111111111111111111111111111111111111111111111111111111111111111111111111111111111111111111111111111111111111111
1111111111111111111111111111111111111100000000111111111111111111111111111111111111111111111111111111111111111111111111111111111111111111111111111111111111111111
1111111111111111111111111111111111111100000000111111111111111111111111111111111111111111111111111111111111111111111111111111111111111111111111111111111111111111
1111111111111111111111111111111100000000000000111111111111111111111111111111111111111111111111111111111111111111111111111111111111111111111111111111111111111111
1111111111111111111111111111111100000000000000111111111111111111111111111111111111111111111111111111111111111111111111111111111111111111111111111111111111111111
1111111111111111111111111111111000000000000000000111011111111111111111111111111111111111111111111111111111111111111111111111111111111111111111111111111111111111
1111111111111111111111111111111000000000000000000000000011111111111111111111111111111111111111111111111111111111111111111111111111111111111111111111111111111111
1111111111111111111111111111111000000000000000000000000000111111111111111111111111111111111111111111111111111111111111111111111111111111111111111111111111111111
1111111111111111111111111111111000000000000000000000000000111111111111111111111111111111111111111111111111111111111111111111111111111111111111111111111111111111
1111111111111111111111111111111000000000000000000000000011111111111111111111111111111111111111111111111111111111111111111111111111111111111111111111111111111111
1111111111111111111111111111111000000000000000000000000111111111111111111111111111100000111111111111111111111111111111111111111111111111111111111111111111111111
1111111111111111111111111111111000000000000000000000000111111111111111111111111111110000111111111111111111111111111111111111111111111111111111111111111111111111
1111111111111111111111111111111000000000000000000000000111111111111111111111111111110000001111111111111111111111111111111111111111111111111111111111111111111111
1111111111111111111111111111111000000000000000000000001111111111111111111111111111111000000111111111111111111111111111111111111111111111111111111111111111111111
1111111111111111111111111111111000000000000000000000001111111111111111111111111111111000000001111111111111111111111111111111111111111111111111111111111111111111
1111111111111111111111111111111000000000000000000000111111111111111111111111111111110000000000111111111111111111111111111111111111111111111111111111111111111111
1111111111111111111111111111111000000000000000000000111111111111111111111111111111110000000000011111111111111111111111111111111111111111111111111111111111111111
1111111111111111111111111111111000000000000000000001111111111111111111111111111111100000000000001111111111111111111111111111111111111111111111111111111111111111
1111111111111111111111111111111000000000000000000011111111111111111111111111111111100000000000000111111111111111111111111111111111111111111111111111111111111111
1111111111111111111111111111111000000000000000000011111111111111111111111111111111000000000000000011111111111111111111111111111111111111111111111111111111111111
1111111111111111111111111111111000000000000000000111111111111111111111111111111110000000000000000000111111111111111111111111111111111111111111111111111111111111
1111111111111111111111111111111000000000000000001111111111111111111111111111111100000000000000000000011111111111111111111111111111111111111111111111111111111111
1111111111111111111111111111111000000000000000011111111111111111111111111111111000000000000000000000001111111111111111111111111111111111111111111111111111111111
1111111111111111111111111111110000000000000000011111111111111111111111111111111000000000000000000000000001111111111111111111111111111111111111111111111111111111
1111111111111111111111111111111000000000000000011111111111111111111111111111110000000000000000000000000000011111111111111111111111111111111111111111111111111111
1111111111111111111111111111110000000000000000011111111111111111111111111111110000000000000000000000000000000011111111111111111111111111111111111111111111111111
1111111111111111111111111111110000000000000000011111111111111111111111111111100000000000000000000000000000000000001111111111111111111111111111111111111111111111
1111111111111111111111111111111000000000000000011111111111111111111111111111000000000000000000000000000000000000000011111111111111111111111111111111111111111111
1111111111111111111111111111111000000000000000011111111111111111111111111110000000000000000000000000000000000000000001111111111111111111111111111111111111111111
1111111111111111111111111111111000000000000000001111111111111111111111111110000000000000000000000000000000000000000000000111111111111111111111111111111111111111
1111111111111111111111111111111100000000000000000011111111111111111111111100000000000000000000000000000000000000000000000011111111111111111111111111111111111111
1111111111111111111111111111111110000000000000000011111111111111111111111000000000000000000000000000000000000000000000000000000111111111111111111111111111111111
1111111111111111111111111111111111000000000000000011111111111111111111111000000000000000000000000000000000000000000000000000000000111111111111111111111111111111
1111111111111111111111111001111111110000000000000111111111111111111111110000000000000000000000000000000000000000000000000000000000011111111111111111111111111111
1111111111111111111111111001111111111100000000001111111111111111111111110000000000000000000000000000000000000000000000000000000000000011001111111111111111111111
1111111111111111111111111001111111111111000000011111111111111111111111100000000000000000000000000000000000000000000000000000000000000000000000111111111111111111
1111111111111111111111110000111111111111110000111111111111111111111111000000000000000000000000000000000000000000000000000000000000000000000000000111111111111111
1111111111111111111111110000111111111111111001111111111111111111111111000000000000000000000000000000000000000000000000000000000000000000000000000000011111111111
1111111111111111111111100000111111111111111111111111111111111111111110000000000000000000000000000000000000000000000000000000000000000000000000000000000011111111
1111111111111111111111100000111111111111111111111111111111111111111110000000000000000000000000000000000000000000000000000000000000000000000000000000000000011111
1111111111111111111111000000111111111111111111111111111111111111111100000000000000000000000000000000000000000000000000000000000000000000000000000000000000001111
1111111111111111111100000000111111111111000011111111111111111111111100000000000000000000000000000000000000000000000000000000000000000000000000000000000000000001
1111111111111111111000000000111111111110000011111111111111111111111000000000000000000000000000000000000000000000000000000000000000000000000000000000000000000000
1111111111111111110000000000111111111100000001111111111111111111111000000000000000000000000000000000000000000000000000000000000000000000000000000000000000000000
1111111111111111110000000000111111111000111111111111111111111111110000000000000000000000000000000000000000000000000000000000000000000000000000000000000000000000
1111111111111111100000000000111111110011111111111111111111111111110000000000000000000000000000000000000000000000000000000000000000000000000000000000000000000000
1111111111111111000000000000111111110111111111011111111111111111100000000000000000000000000000000000000000000000000000000000000000000000000000000000000000000000
1111111111111110000000000000111111111111111111001111111111111111000000000000000000000000000000000000000000000000000000000000000000000000000000000000000000000000
1111111111111100000000000000111111101111111111000111111111111111000000000000000000000000000000000000000000000000000000000000000000000000000000000000000000000000
1111111111111000000000000000111111001111111111000011111111111111000000000000000000000000000000000000000000000000000000000000000000000000000000000000000000000000
1111111111100000000000000000111111001111111111000001111111111110000000000000000000000000000000000000000000000000000000000000000000000000000000000000000000000000
1111111111000000000000000000011110001111111110000000111111111110000000000000000000000000000000000000000000000000000000000000000000000000000000000000000000000000
1111111100000000000000000000011110001111111100000000011111111100000000000000000000000000000000000000000000000000000000000000000000000000000000000000000000000000
1111111100000000000000000000011110000110000000000000011111111100000000000000000000000000000000000000000000000000000000000000000000000000000000000000000000000000
1111111000000000000000000000011110000000000000000000001111111000000000000000000000000000000000000000000000000000000000000000000000000000000000000000000000000000
1111110000000000000000000000011100000000000000000000001111111000000000000000000000000000000000000000000000000000000000000000000000000000000000000000000000000000
1111110000000000000000000000011100000000000000000000000111110000000000000000000000000000000000000000000000000000000000000000000000000000000000000000000000000000
1111100000000000000000000000011100000111100000000011011111110000000000000000000000000000000000000000000000000000000000000000000000000000000000000000000000000000
1111000000000000000000000000001100000111110000000111111111100000000000000000000000000000000000000000000000000000000000000000000000000000000000000000000000000000
1110000000000000000000000000001100001111110000001111111111100000000000000000000000000000000000000000000000000000000000000000000000000000000000000000000000000000
1110000000000000000000000000001100011111110000011111111111000000000000000000000000000000000000000000000000000000000000000000000000000000000000000000000000000000
1100000000000000000000000000001100011111110000001111111111000000000000000000000000000000000000000000000000000000000000000000000000000000000000000000000000000000
0000000000000000000000000000000100111111110000001111111111000000000000000000000000000000000000000000000000000000000000000000000000000000000000000000000000000000
0000000000000000000000000000000100111111110000001111111110000000000000000000000000000000000000000000000000000000000000000000000000000000000000000000000000000000
0000000000000000000000000000000000111111110000001111111110000000000000000000000000000000000000000000000000000000000000000000000000000000000000000000000000000000
0000000000000000000000000000001001111111110000001111111100000000000000000000000000000000000000000000000000000000000000000000000000000000000000000000000000000000
0000000000000000000000000000001111111111110000001111111100000000000000000000000000000000000000000000000000000000000000000000000000000000000000000000000000000000
0000000000000000000000000000001111111111110000001111111000000000000000000000000000000000000000000000000000000000000000000000000000000000000000000000000000000000
0000000000000000000000000000001111111111110000001111111000000000000000000000000000000000000000000000000000000000000000000000000000000000000000000000000000000000
0000000000000000000000000000001111111111111000001111110000000000000000000000000000000000000000000000000000000000000000000000000000000000000000000000000000000000
0000000000000000000000000000001111111111111000001111110000000000000000000000000000000000000000000000000000000000000000000000000000000000000000000000000000000000
0000000000000000000000000000001111111111111000001111110000000000000000000000000000000000000000000000000000000000000000000000000000000000000000000000000000000000
0000000000000000000000000000001111111111111000000111100000000000000000000000000000000000000000000000000000000000000000000000000000000000000000000000000000000000
0000000000000000000000000000001111111111111000000111100000000000000000000000000000000000000000000000000000000000000000000000000000000000000000000000000000000000
0000000000000000000000000000001111111111110000000111000000000000000000000000000000000000000000000000000000000000000000000000000000000000000000000000000000000000
0000000000000000000000000000001111111111111000000111000000000000000000000000000000000000000000000000000000000000000000000000000000000000000000000000000000000000
0000000000000000000000000000001111111111111000000110000000000000000000000000000000000000000000000000000000000000000000000000000000000000000000000000000000000000
0000000000000000000000000000001111111111110000000110000000000000000000000000000000000000000000000000000000000000000000000000000000000000000000000000000000000000
0000000000000000000000000000000111111111110000000110000000000000000000000000000000000000000000000000000000000000000000000000000000000000000000000000000000000000
0000000000000000000000000000000111111111110000000100000000000000000000000000000000000000000000000000000000000000000000000000000000000000000000000000000000000000
0000000000000000000000000000000111111111110000000000000000000000000000000000000000000000000000000000000000000000000000000000000000000000000000000000000000000000
0000000000000000000000000000000111111111110000000000000000000000000000000000000000000000000000000000000000000000000000000000000000000000000000000000000000000000
0000000000000000000000000000000111111111110000000000000000000000000000000000000000000000000000000000000000000000000000000000000000000000000000000000000000000000
0000000000000000000000000000000111111111110000000000000000000000000000000000000000000000000000000000000000000000000000000000000000000000000000000000000000000000
0000000000000000000000000000000111111111110000000000000000000000000000000000000000000000000000000000000000000000000000000000000000000000000000000000000000000000
0000000000000000000000000000001111111111110000000000000000000000000000000000000000000000000000000000000000000000000000000000000000000000000000000000000000000000
0000000000000000000000000000001111111111110000000000000000000000000000000000000000000000000000000000000000000000000000000000000000000000000000000000000000000000
0000000000000000000000000000001111111111110000000000000000000000000000000000000000000000000000000000000000000000000000000000000000000000000000000000000000000000
0000000000000000000000000000001111111111110000000000000000000000000000000000000000000000000000000000000000000000000000000000000000000000000000000000000000000000
0000000000000000000000000000001111111111110000000000000000000000000000000000000000000000000000000000000000000000000000000000000000000000000000000000000000000000
0000000000000000000000000000001111111111110000000000000000000000000000000000000000000000000000000000000000000000000000000000000000000000000000000000000000000000
0000000000000000000000000000001111111111110000000000000000000000000000000000000000000000000000000000000000000000000000000000000000000000000000000000000000000000
0000000000000000000000000000001111111111100000000000000000000000000000000000000000000000000000000000000000000000000000000000000000000000000000000000000000000000
0000000000000000000000000000001111111111100000000000000000000000000000000000000000000000000000000000000000000000000000000000000000000000000000000000000000000000
0000000000000000000000000000001111111111100000000000000000000000000000000000000000000000000000000000000000000000000000000000000000000000000000000000000000000000
0000000000000000000000000000001111111111100000000000000000000000000000000000000000000000000000000000000000000000000000000000000000000000000000000000000000000000
0000000000000000000000000000001111111111100000000000000000000000000000000000000000000000000000000000000000000000000000000000000000000000000000000000000000000000
0000000000000000000000000000001111111111100000000000000000000000000000000000000000000000000000000000000000000000000000000000000000000000000000000000000000000000
0000000000000000000000000000001111111111100000000000000000000000000000000000000000000000000000000000000000000000000000000000000000000000000000000000000000000000