0000000000000000000000000000000000000000
0000000000000000000000000000000000000000
0000000000000000000000000000000000000000
0000000000000000000000000000000000000000
0000000000000000000000000000000000000000
0000001111111111111111111111111111100000
0000011111111111111111111111111111100000
0000011111111111111111111111111111100000
0000011111111111111111111111111111100000
0000011111111111111111111111111111100000
0000011111111111111111111111111111100000
0000011111111111111111111111111111100000
0000011111110000000010000000111111100000
0000011111110000000010000000011111100000
0000011111110000000010000000011111100000
0000011111110000000010000000011111100000
0000011111110000000010000000011111100000
0000011111110000000010000000011111100000
0000011111110000000010000000011111100000
0000011111111111111111111111111111100000
0000011111111111111111111111111111100000
0000011111110000000010000000011111100000
0000011111110000000010000000011111100000
0000011111110000000010000000011111100000
0000011111110000000010000000011111100000
0000011111110000000010000000011111100000
0000011111110000000010000000011111100000
0000011111110000000010000000011111100000
0000011111111111111111111111111111100000
0000011111111111111111111111111111100000
0000011111111111111111111111111111100000
0000011111111111111111111111111111100000
0000011111111111111111111111111111100000
0000011111111111111111111111111111100000
0000001111111111111111111111111111100000
0000000000000000000000000000000000000000
0000000000000000000000000000000000000000
0000000000000000000000000000000000000000
0000000000000000000000000000000000000000
0000000000000000000000000000000000000000