11111111111111111111111111111111111111111111111111111111111111111111111111111111111111111111111111111111111111111111111111111111111111111111111111111111111111111111111111111111111111111111111111111111
11111111111111111111111111111111111111111111111111111111111111111111111111111111111111111111111111111111111111111111111111111111111111111111111111111111111111111111111111111111111111111111111111111111
11111111111111111111111111111111111111111111111111111111111111111111111111111111111111111111111111111111111111111111111111111111111111111111111111111111111111111111111111111111111111111111111111111111
11111111111111111111111111111111111111111111111111111111111111111111111111111111111111111111111111111111111111111111111111111111111111111111111111111111111111111111111111111111111111111111111111111111
11111111111111111111111111111111111111111111111111111111111111111111111111111111111111111111111111111111111111111111111111111111111111111111111111111111111111111111111111111111111111111111111111111111
11111111111111111111111111111111111111111111111111111111111111111111111111111111111111111111111111111111111111111111111111111111111111111111111111111111111111111111111111111111111111111111111111111111
11111111111111111111111111111111111111111111111111111111111111111111111000011111111111111110000000000000000000001111111111111111011111111111111111111111111111111111111111111111111111111111111111111111
11111111111111111111111111111111111111111111111111111111111111110000000000011111111111111100000000000000000000001111111111111110000000001111111111111111111111111111111111111111111111111111111111111111
11111111111111111111111111111111111111111111111111111111100000000000000010011111111111111100011111111111111111001111111111111110000000000000000011111111111111111111111111111111111111111111111111111111
11111111111111111111111111111111111111111111111111111100000000000111111111001111111111111100111111111111111111001111111111111110011111110000000000011111111111111111111111111111111111111111111111111111
11111111111111111111111111111111111111111111111111111100001111111111111111001111111111111100111111111111111111001111111111111110011111111111111000011111111111111111111111111111111111111111111111111111
11111111111111111111111111111111111111111111111111111110011111111111111111001111111111111100111111111111111111001111111111111100011111111111111100111111111111111111111111111111111111111111111111111111
11111111111111111111111111111111111111111111111111111110011111111111111111001111111111111100111111111111111111001111111111111100111111111111111100111111111111111111111111111111111111111111111111111111
11111111111111111111111111111111111111111111111111111110011111111111111111000111111111111100111111111111111111001111111111111100111111111111111100111111111111111111111111111111111111111111111111111111
11111111111111111111111111111111111111111111111111111110011111111111111111100111111111111100111111111111111111001111111111111100111111111111111100111111111111111111111111111111111111111111111111111111
11111111111111111111111111111111111111111111111111111111001111111111111111100111111111111100111111111111111111001111111111111100111111111111111001111111111111111111111111111111111111111111111111111111
11111111111111111111111111111111111111111111111111111111001111111111111111100111111111111100111111111111111111001111111111111100111111111111111001111111111111111111111111111111111111111111111111111111
11111111111111111111111111111111111111111111111111111111001111111111111111100111111111111100111111111111111111001111111111111100111111111111111001111111111111111111111111111111111111111111111111111111
11111111111111111111111111111111111111111111111111111111000111111111111111110011111111111100111111111111111111001111111111111000111111111111111001111111111111111111111111111111111111111111111111111111
11111111111111111111111111111111111111111111111111111111100111111111111111110011111111111100111111111111111111001111111111111000111111111111110011111111111111111111111111111111111111111111111111111111
11111111111111111111111111111111111111111111111111111111100111111111111111110011111111111100011111111111111000000111111111111001111111111111110011111111111111111111111111111111111111111111111111111111
11111111111111111111111111111111111111111111111111111111100111111111111110000000000000000000000000000000000000000000000000000000011111111111110011111111111111111111111111111111111111111111111111111111
11111111111111111111111111111111111111111111111111111111100011111110000000000000000000000000000000000000000000100000000000000000000000000111110011111111111111111111111111111111111111111111111111111111
11111111111111111111111111111111111111111111111111111111110010000000000001111111111100111111111111111111111111111111110001111111000000000000000011111111111111111111111111111111111111111111111111111111
11111111111111111111111111111111111111111111111111111111110000000001111111111111111100111111111111111111111111111111110011111111111111110000000111111111111111111111111111111111111111111111111111111111
11111111111111111111111111111111111111111111111111111111110000111111111111111111111100111111111111111111111111111111110011111111111111111111100111111111111111111111111111111111111111111111111111111111
11111111111111111111111111111111111111111111111111111111110011111111111111111111111100111111111111111111111111111111110011111111111111111111100111111111111111111111111111111111111111111111111111111111
11111111111111111111111111111111111111111111111111111111111001111111111111111111111100111111111111111111111111111111110011111111111111111111000111111111111111111111111111111111111111111111111111111111
11111111111111111111111111111111111111111111111111111111111001111111111111111111111100111111111111111111111111111111110011111111111111111111001111111111111111111111111111111111111111111111111111111111
11111111111111111111111111111111111111111111111111111111111001111111111111111111111100111111111111111111111111111111110011111111111111111111001111111111111111111111111111111111111111111111111111111111
11111111111111111111111111111111111111111111111111111111111001111111111111111111111100111111111111111111111111111111110011111111111111111111001111111111111111111111111111111111111111111111111111111111
11111111111111111111111111111111111111111111111111111111111100111111111111111111111100111111111111111111111111111111110011111111111111111111001111111111111111111111111111111111111111111111111111111111
11111111111111111111111111111111111111111111111111111111111100111111111111111111111100111111111111111111111111111111110011111111111111111110011111111111111111111111111111111111111111111111111111111111
11111111111111111111111111111111111111111111111111111111111100111111111111111111110000000000000000000111111111111111110011111111111111111110011111111111111111111111111111111111111111111111111111111111
11111111111111111111111111111111111111111111111111111111111100111111111111100000000000000000000000000000000000000000000000011111111111111110011111111111111111111111111111111111111111111111111111111111
11111111111111111111111111111111111111111111111111111111111110011111000000000000001111111111111111000000000000000000000000000000000001111110011111111111111111111111111111111111111111111111111111111111
11111111111111111111111111111111111111111111111111111111111110000000000000000011111111111111111111111001111111111111111111100000000000000000011111111111111111111111111111111111111111111111111111111111
11111111111111111111111111111111111111111111111111111111111110000000011111100111111111111111111111111001111111111111111111110011111110000000111111111111111111111111111111111111111111111111111111111111
11111111111111111111111111111111111111111111111111111111111110001111111111100111111111111111111111111001111111111111111111110011111111111100111111111111111111111111111111111111111111111111111111111111
11111111111111111111111111111111111111111111111111111111111111001111111111100111111111111111111111111001111111111111111111110011111111111100111111111111111111111111111111111111111111111111111111111111
11111111111111111111111111111111111111111111111111111111111111001111111111100111111111111111111111111001111111111111111111110011111111111000111111111111111111111111111111111111111111111111111111111111
11111111111111111111111111111111111111111111111111111111111111001111111111100111111111111111111111111001111111111111111111110011111111111001111111111111111111111111111111111111111111111111111111111111
11111111111111111111111111111111111111111111111111111111111111001111111111100111111111111111111111111001111111111111111111110011111111111001111111111111111111111111111111111111111111111111111111111111
11111111111111111111111111111111111111111111111111111111111111100111111111100111111111111111111111111001111111111111111111110011111111111001111111111111111111111111111111111111111111111111111111111111
11111111111111111111111111111111111111111111111111111111111111100111111111100111111111111111111111111001111111111111111111110011111111110001111111111111111111111111111111111111111111111111111111111111
11111111111111111111111111111111111111111111111111111111111111100111111111100111111111111111111111111001111111111111111111110011111111110011111111111111111111111111111111111111111111111111111111111111
11111111111111111111111111111111111111111111111111111111111111100011111111100111111111111111100000000000000000000000000111110011111111110011111111111111111111111111111111111111111111111111111111111111
11111111111111111111111111111111111111111111111111111111111111110011111111100000000000000000000000000000000000000000000000000000000111110011111111111111111111111111111111111111111111111111111111111111
11111111111111111111111111111111111111111111111111111111111111110011111100000000000000000000001111111111111111111111000000000000000000000011111111111111111111111111111111111111111111111111111111111111
11111111111111111111111111111111111111111111111111111111111111110000000000000001111111111111111111111111111111111111111111111111110000000111111111111111111111111111111111111111111111111111111111111111
11111111111111111111111111111111111111111111111111111111111111110000000001111111111111111111111111111111111111111111111111111111111110001111111111111111111111111111111111111111111111111111111111111111
11111111111111111111111111111111111111111111111111111111111111111000111111111111111111111111111111111111111111111111111111111111111100011111111111111111111111111111111111111111111111111111111111111111
11111111111111111111111111111111111111111111111111111111111111111100011111111111111111111111111111111111111111111111111111111111111000111111111111111111111111111111111111111111111111111111111111111111
11111111111111111111111111111111111111111111111111111111111111111110001111111111111111111111111111111111111111111111111111111111100001111111111111111111111111111111111111111111111111111111111111111111
11111111111111111111111111111111111111111111111111111111111111111111000111111111111111111111111111111111111111111111111111111111000011111111111111111111111111111111111111111111111111111111111111111111
11111111111111111111111111111111111111111111111111111111111111111111100011111111111111111111111111111111111111111111111111111110001111111111111111111111111111111111111111111111111111111111111111111111
11111111111111111111111111111111111111111111111111111111111111111111110001111111111111111000000000000000000000000000000000000000011111111111111111111111111111111111111111111111111111111111111111111111
11111111111111111111111111111111111111111111111111111111111111111111111000000000000000000000000000000000000000000000000000000000111111111111111111111111111111111111111111111111111111111111111111111111
11111111111111111111111111111111111111111111111111111111111111111111111100000000000000000000000000000000000000000000000000000001111111111111111111111111111111111111111111111111111111111111111111111111
11111111111111111111111111111111111111111111111111111111111111111111111110001111111111111110011111111111111110011111111111111001111111111111111111111111111111111111111111111111111111111111111111111111
11111111111111111111111111111111111111111111111111111111111111111111111110011111111111111110011111111111111110011111111111111001111111111111111111111111111111111111111111111111111111111111111111111111
11111111111111111111111111111111111111111111111111111111111111111111111110011111111111111110011111111111111110011111111111111000111111111111111111111111111111111111111111111111111111111111111111111111
11111111111111111111111111111111111111111111111111111111111111111111111100111111111111111110011111111111111110011111111111111100111111111111111111111111111111111111111111111111111111111111111111111111
11111111111111111111111111111111111111111111111111111111111111111111111100111111111111111110011110000011111110011111111111111100111111111111111111111111111111111111111111111111111111111111111111111111
11111111111111111111111111111111111111111111111111111111111111111111111100111111111111111110011100000011111110011111111111111100111111111111111111111111111111111111111111111111111111111111111111111111
11111111111111111111111111111111111111111111111111111111111111111111111100111111111111111110011100000011111110011111111111111100111111111111111111111111111111111111111111111111111111111111111111111111
11111111111111111111111111111111111111111111111111111111111111111111111100111111111111111110011100000011111110011111111111111110011111111111111111111111111111111111111111111111111111111111111111111111
11111111111111111111111111111111111111111111111111111111111111111111111000111111111111111110011100000011111110001111111111111110011111111111111111111111111111111111111111111111111111111111111111111111
11111111111111111111111111111111111111111111111111111111111111111111111001111111111111111110011100000001111110001111111111111110011111111111111111111111111111111111111111111111111111111111111111111111
11111111111111111111111111111111111111111111111111111111111111111111111000000000000000000000000000000000000000000000111111100000011111111111111111111111111111111111111111111111111111111111111111111111
11111111111111111111111111111111111111111111111111111111111111111111111000000000000000000000000000000000000000000000000000000000001111111111111111111111111111111111111111111111111111111111111111111111
11111111111111111111111111111111111111111111111111111111111111111111111000000111111000111111111100000011111111111110000000000110001111111111111111111111111111111111111111111111111111111111111111111111
11111111111111111111111111111111111111111111111111111111111111111111110001111111111100111111111100000011111111111110011111111111001111111111111111111111111111111111111111111111111111111111111111111111
11111111111111111111111111111111111111111111111111111111111111111111110011111111111100111111111100000011111111111110011111111111001111111111111111111111111111111111111111111111111111111111111111111111
11111111111111111111111111111111111111111111111111111111111111111111110011111111111100111111111100000011111111111110011111111111001111111111111111111111111111111111111111111111111111111111111111111111
11111111111111111111111111111111111111111111111111111111111111111111110011111111111100111111111100000011111111111110011111111111000111111111111111111111111111111111111111111111111111111111111111111111
11111111111111111111111111111111111111111111111111111111111111111111110011111111111100111111111100000011111111111110011111111111100111111111111111111111111111111111111111111111111111111111111111111111
11111111111111111111111111111111111111111111111111111111111111111111100011111111111100111111111100000011111111111111001111111111100111111111111111111111111111111111111111111111111111111111111111111111
11111111111111111111111111111111111111111111111111111111111111111111100111111111111001111111111100000011111111111111001111111111100111111111111111111111111111111111111111111111111111111111111111111111
11111111111111111111111111111111111111111111111111111111111111111111100111111111111001111111111100000011111111111111001111111111100111111111111111111111111111111111111111111111111111111111111111111111
11111111111111111111111111111111111111111111111111111111111111111111100111111111111001111111111100000011111111111111001111111111110011111111111111111111111111111111111111111111111111111111111111111111
11111111111111111111111111111111111111111111111111111111111111111111100111111111111000111111111100000011111111111111001111111111110011111111111111111111111111111111111111111111111111111111111111111111
11111111111111111111111111111111111111111111111111111111111111111111100110000000000000000000000000000000000000000000000111111111110011111111111111111111111111111111111111111111111111111111111111111111
11111111111111111111111111111111111111111111111111111111111111111111000000000000000000000000000000000000000000000000000000000000000011111111111111111111111111111111111111111111111111111111111111111111
11111111111111111111111111111111111111111111111111111111111111111111000000111111111111111000111111111111111111110011111000000000000011111111111111111111111111111111111111111111111111111111111111111111
11111111111111111111111111111111111111111111111111111111111111111111001111111111111111111100111111111111111111110011111111111111110001111111111111111111111111111111111111111111111111111111111111111111
11111111111111111111111111111111111111111111111111111111111111111111001111111111111111111000111111111111111111110011111111111111111001111111111111111111111111111111111111111111111111111111111111111111
11111111111111111111111111111111111111111111111111111111111111111111001111111111111111111001111111111111111111110011111111111111111001111111111111111111111111111111111111111111111111111111111111111111
11111111111111111111111111111111111111111111111111111111111111111111001111111111111111111001111111111111111111110011111111111111111001111111111111111111111111111111111111111111111111111111111111111111
11111111111111111111111111111111111111111111111111111111111111111110011111111111111111111001111111111111111111110011111111111111111001111111111111111111111111111111111111111111111111111111111111111111
11111111111111111111111111111111111111111111111111111111111111111110011111111111111111111001111111111111111111110011111111111111111100111111111111111111111111111111111111111111111111111111111111111111
11111111111111111111111111111111111111111111111111111111111111111110011111111111111111111001111111111111111111110011111111111111111100111111111111111111111111111111111111111111111111111111111111111111
11111111111111111111111111111111111111111111111111111111111111111110011111111111111111111001111111111111111111110011111111111111111100111111111111111111111111111111111111111111111111111111111111111111
11111111111111111111111111111111111111111111111111111111111111111110011111111111111111111001111100000000111111110011111111111111111100111111111111111111111111111111111111111111111111111111111111111111
11111111111111111111111111111111111111111111111111111111111111111110011111111111111100000000000000000000000000000000011111111111111100111111111111111111111111111111111111111111111111111111111111111111
11111111111111111111111111111111111111111111111111111111111111111100000000000000000000000000000000000000000000000000000000000000000000011111111111111111111111111111111111111111111111111111111111111111
11111111111111111111111111111111111111111111111111111111111111111100000000000000000001111111111111100111111111111111000000000000000000011111111111111111111111111111111111111111111111111111111111111111
11111111111111111111111111111111111111111111111111111111111111111100111111111111001111111111111111100111111111111111111100011111111000011111111111111111111111111111111111111111111111111111111111111111
11111111111111111111111111111111111111111111111111111111111111111100111111111111001111111111111111100111111111111111111100011111111110011111111111111111111111111111111111111111111111111111111111111111
11111111111111111111111111111111111111111111111111111111111111111100111111111111001111111111111111100111111111111111111110011111111110001111111111111111111111111111111111111111111111111111111111111111
11111111111111111111111111111111111111111111111111111111111111111000111111111111001111111111111111100111111111111111111110011111111111001111111111111111111111111111111111111111111111111111111111111111
11111111111111111111111111111111111111111111111111111111111111111001111111111111001111111111111111100111111111111111111110011111111111001111111111111111111111111111111111111111111111111111111111111111
11111111111111111111111111111111111111111111111111111111111111111001111111111111001111111111111111100111111111111111111110011111111111001111111111111111111111111111111111111111111111111111111111111111
11111111111111111111111111111111111111111111111111111111111111111001111111111111001111111111111111100111111111111111111110011111111111001111111111111111111111111111111111111111111111111111111111111111
11111111111111111111111111111111111111111111111111111111111111111001111111111111001111111111111111100111111111111111111110011111111111000111111111111111111111111111111111111111111111111111111111111111
11111111111111111111111111111111111111111111111111111111111111110001111111111110001111111111111111100111111111111111111110011111111111100111111111111111111111111111111111111111111111111111111111111111
11111111111111111111111111111111111111111111111111111111111111110011111111111110011111111111111111000111111111111111111110011111111111100111111111111111111111111111111111111111111111111111111111111111
11111111111111111111111111111111111111111111111111111111111111110011111111111110000000000000000000000000000000000001111110011111111111100111111111111111111111111111111111111111111111111111111111111111
11111111111111111111111111111111111111111111111111111111111111110000000000000000000000000000000000000000000000000000000000000000000111100111111111111111111111111111111111111111111111111111111111111111
11111111111111111111111111111111111111111111111111111111111111110000000000000000111111111100111111111111111111000110000000000000000000000011111111111111111111111111111111111111111111111111111111111111
11111111111111111111111111111111111111111111111111111111111111110011111110011111111111111100111111111111111111100111111111111111000000000011111111111111111111111111111111111111111111111111111111111111
11111111111111111111111111111111111111111111111111111111111111100011111110011111111111111100111111111111111111100111111111111111001111110011111111111111111111111111111111111111111111111111111111111111
11111111111111111111111111111111111111111111111111111111111111100111111110011111111111111100111111111111111111100111111111111111001111110011111111111111111111111111111111111111111111111111111111111111
11111111111111111111111111111111111111111111111111111111111111100111111110011111111111111100111111111111111111100111111111111111001111110001111111111111111111111111111111111111111111111111111111111111
11111111111111111111111111111111111111111111111111111111111111100111111110011111111111111100111111111111111111100111111111111111000111111001111111111111111111111111111111111111111111111111111111111111
11111111111111111111111111111111111111111111111111111111111111100111111110011111111111111100111111111111111111100011111111111111000111111001111111111111111111111111111111111111111111111111111111111111
11111111111111111111111111111111111111111111111111111111111111000111111110011111111111111100111111111111111111110011111111111111100111111001111111111111111111111111111111111111111111111111111111111111
11111111111111111111111111111111111111111111111111111111111111001111111110011111111111111100111111111111111111110011111111111111100111111001111111111111111111111111111111111111111111111111111111111111
11111111111111111111111111111111111111111111111111111111111111001111111110011111111111100000011111111111111111110011111111111111100111111000111111111111111111111111111111111111111111111111111111111111
11111111111111111111111111111111111111111111111111111111111111001111111110011110000000000000000000000000000000000000000000001111100111111100111111111111111111111111111111111111111111111111111111111111
11111111111111111111111111111111111111111111111111111111111111001111111000000000000000000000000000000000000000000000000000000000000001111100111111111111111111111111111111111111111111111111111111111111
11111111111111111111111111111111111111111111111111111111111110000000000000000000111111001111111111100111111111100011111111000000000000000000111111111111111111111111111111111111111111111111111111111111
11111111111111111111111111111111111111111111111111111111111100000000000011000111111111001111111111100111111111110011111111111000111100000000011111111111111111111111111111111111111111111111111111111111
11111111111111111111111111111111111111111111111111111111111000001111111110001111111110001111111111100111111111110011111111111100111111111110001111111111111111111111111111111111111111111111111111111111
11111111111111111111111111111111111111111111111111111111111001111111111110011111111110011111111111100111111111110001111111111100011111111111000111111111111111111111111111111111111111111111111111111111
11111111111111111111111111111111111111111111111111111111110011111111111100011111111110011111111111100111111111111001111111111110011111111111100011111111111111111111111111111111111111111111111111111111
11111111111111111111111111111111111111111111111111111111100011111111111000111111111100111111111111100111111111111001111111111111001111111111110011111111111111111111111111111111111111111111111111111111
11111111111111111111111111111111111111111111111111111111000111111111111001111111111100111111111111100111111111111100111111111111000111111111110001111111111111111111111111111111111111111111111111111111
11111111111111111111111111111111111111111111111111111110001111111111110011111111111000111111111111100111111111111100111111111111100111111111111000111111111111111111111111111111111111111111111111111111
11111111111111111111111111111111111111111111111111111100011111111111100011111111111001111111111111100111111111111100111111111111100011111111111100011111111111111111111111111111111111111111111111111111
11111111111111111111111111111111111111111111111111111000111111111111100111111111111001111111111111100111111111111110011111111111110011111111111110001111111111111111111111111111111111111111111111111111
11111111111111111111111111111111111111111111111111110001111111111111001111111111110011111111111111100111111111111110011111111111111001111111111111001111111111111111111111111111111111111111111111111111
11111111111111111111111111111111111111111111111111100011111111111110001111111111110011111111111111100111111111111110011111111111111000111111111111000111111111111111111111111111111111111111111111111111
11111111111111111111111111111111111111111111111111000111111111111110011111111111110000000000000000000000000011111110001111111111111100111111111111100011111111111111111111111111111111111111111111111111
11111111111111111111111111111111111111111111111110001111111111111100111111111000000000000000000000000000000000000000000000001111111100011111111111110001111111111111111111111111111111111111111111111111
11111111111111111111111111111111111111111111111100011111111111111000110000000000000000000001111111100011100000000000000000000000000000011111111111111000111111111111111111111111111111111111111111111111
11111111111111111111111111111111111111111111111000111111111111100000000000000011111111111111111111100111111111111111111111000000000000000001111111111100111111111111111111111111111111111111111111111111
11111111111111111111111111111111111111111111111001111111110000000000001111100111111111111111111111100111111111111111111111100111111100000000000111111110011111111111111111111111111111111111111111111111
11111111111111111111111111111111111111111111110001111000000000001111111111100111111111111111111111100111111111111111111111100111111111111100000000011110001111111111111111111111111111111111111111111111
11111111111111111111111111111111111111111111100000000000000111111111111111100111111111111111111111100111111111111111111111100111111111111111110000000000000111111111111111111111111111111111111111111111
11111111111111111111111111111111111111111111000000000000111111111111111111100111111111111111111111100111111111111111111111100111111111111111111111000000000011111111111111111111111111111111111111111111
11111111111111111111111111111111111111111111000111111100111111111111111111100111111111111111111111100111111111111111111111100111111111111111111111000111000011111111111111111111111111111111111111111111
11111111111111111111111111111111111111111111111111111100111111111111111111100111111111111111111111100111111111111111111111100111111111111111111111001111111111111111111111111111111111111111111111111111
11111111111111111111111111111111111111111111111111111100111111111111111111100111111111111111111111100111111111111111111111100111111111111111111111001111111111111111111111111111111111111111111111111111
11111111111111111111111111111111111111111111111111111100111111111111111111100111111111111111111111100111111111111111111111100111111111111111111111001111111111111111111111111111111111111111111111111111
11111111111111111111111111111111111111111111111111111100111111111111111111100111111111111111111111100111111111111111111111100111111111111111111111001111111111111111111111111111111111111111111111111111
11111111111111111111111111111111111111111111111111111100111111111111111111100111111111111111111111100011111111111111111111100111111111111111111111001111111111111111111111111111111111111111111111111111
11111111111111111111111111111111111111111111111111111100111111111111111111100111111111000000000000000000000000000011111111000111111111111111111111001111111111111111111111111111111111111111111111111111
11111111111111111111111111111111111111111111111111111100111111111111111100000000000000000000000000000000000000000000000000000001111111111111111111001111111111111111111111111111111111111111111111111111
11111111111111111111111111111111111111111111111111111100111111110000000000000000000000001111111100001000011111111000000000000000000011111111111111001111111111111111111111111111111111111111111111111111
11111111111111111111111111111111111111111111111111111100100000000000000001111111111111001111100000111110000000011001111111111100000000000011111111001111111111111111111111111111111111111111111111111111
11111111111111111111111111111111111111111111111111111100000000000001111111111111111111001110000000111110000000000001111111111111111000000000000111001111111111111111111111111111111111111111111111111111
11111111111111111111111111111111111111111111111111111100001111111001111111111111111111001000001100111110011111000001111111111111111111100000000000001111111111111111111111111111111111111111111111111111
11111111111111111111111111111111111111111111111111111100111111111001111111111111111110000000111100111110011111100001111111111111111111100111110000001111111111111111111111111111111111111111111111111111
11111111111111111111111111111111111111111111111111111100111111111001111111111111111110000001111100011110011111000000111111111111111111100111111111001111111111111111111111111111111111111111111111111111
11111111111111111111111111111111111111111111111111111100111111111001111111111111111100000001111100001100011110001100111111111111111111100111111111001111111111111111111111111111111111111111111111111111
11111111111111111111111111111111111111111111111111111100111111111001111111111111111000111001111100000000001100011100011111111111111111100111111111001111111111111111111111111111111111111111111111111111
11111111111111111111111111111111111111111111111111111100111111111001111111111111111001111100100000000000000000111110001111111111111111100111111111001111111111111111111111111111111111111111111111111111
11111111111111111111111111111111111111111111111111111100111111111001111111111111110011111100000001100111100001111110000111111111111111100111111111001111111111111111111111111111111111111111111111111111
11111111111111111111111111111111111111111111111111111000111111111001111111111111110001111110001001100111100000111000000111111111111111100111111111001111111111111111111111111111111111111111111111111111
11111111111111111111111111111111111111111111111111111000111111111001111111111111110000111110001001100111100000010000100111111111111111100111111111001111111111111111111111111111111111111111111111111111
11111111111111111111111111111111111111111111111111111000111111111001111111111111111000001110011001100111100110000011100111111111111111100111111111001111111111111111111111111111111111111111111111111111
11111111111111111111111111111111111111111111111111111000111111111000111111111111110000000110011001100111100110000111100111111111111111100111111111001111111111111111111111111111111111111111111111111111
11111111111111111111111111111111111111111111111111111000111110000000000000000000000001100000011001100111100111001111100000000000000000000111111111001111111111111111111111111111111111111111111111111111
11111111111111111111111111111111111111111111111111111000000000000000000000000000000001111000111001100111100111001111100000000000000000000000111111001111111111111111111111111111111111111111111111111111
11111111111111111111111111111111111111111111111111111000000001111111111111100111110011111100111001100111100111001110000011100001111111110000000011001111111111111111111111111111111111111111111111111111
11111111111111111111111111111111111111111111111111111000111111111111111111100111110001111100111001100111100111000000000011110011111111111111000000001111111111111111111111111111111111111111111111111111
11111111111111111111111111111111111111111111111111111001111111111111111111100111110000001000111001100111100111000000100011110011111111111111111000001111111111111111111111111111111111111111111111111111
11111111111111111111111111111111111111111111111111111001111111111111111111100111100010000000111001100111100111000111100011110011111111111111111111001111111111111111111111111111111111111111111111111111
11111111111111111111111111111111111111111111111111111001111111111111111111100111100111100000111001100111100111001111100011110011111111111111111111001111111111111111111111111111111111111111111111111111
11111111111111111111111111111111111111111111111111111001111111111111111111100111100111111100111001100111100111001111100011110011111111111111111111001111111111111111111111111111111111111111111111111111
11111111111111111111111111111111111111111111111111111001111111111111111111100111100111111100110001100111100111000111100011110011111111111111111111001111111111111111111111111111111111111111111111111111
11111111111111111111111111111111111111111111111111111001111111111111111111100111100001111100110000100111100111000000000011110011111111111111111111001111111111111111111111111111111111111111111111111111
11111111111111111111111111111111111111111111111111111001111111111111111111100111100000000000100000100111100111000000000011110011111111111111111111001111111111111111111111111111111111111111111111111111
11111111111111111111111111111111111111111111111111111001111111111111111111100111100000000000100000000111100111001111000011110011111111111111111111001111111111111111111111111111111111111111111111111111
11111111111111111111111111111111111111111111111111111001111111111111111111100111100111111100000000000111100111001111100011110011111111111111111111001111111111111111111111111111111111111111111111111111
11111111111111111111111111111111111111111111111111111001111111111111111111100111000111111100000001000111100111001111100111110011111111111111111111001111111111111111111111111111111111111111111111111111
11111111111111111111111111111111111111111111111111111001111111111111111111100011001111111100000001000111100111001111100111110011111111111111111111001111111111111111111111111111111111111111111111111111
11111111111111111111111111111111111111111111111111111000111000000000000000000000001111111000000001000111100111001110000011100011111111111111111111001111111111111111111111111111111111111111111111111111
11111111111111111111111111111111111111111111111111111000000000000000000000000000000111100000000000000111100111000000000000000000000000001111111111001111111111111111111111111111111111111111111111111111
11111111111111111111111111111111111111111111111111111000000111111001111111111111000000000000000000000111100111000001100000000000000000000000000000001111111111111111111111111111111111111111111111111111
11111111111111111111111111111111111111111111111111111001111111111001111111111111100000001001110000000111100111001111100111111111111110000000000000001111111111111111111111111111111111111111111111111111
11111111111111111111111111111111111111111111111111111001111111111001111111111111100111111001110001100111100111001111100011111111111110011111111110001111111111111111111111111111111111111111111111111111
11111111111111111111111111111111111111111111111111111001111111111001111111111111100111111001110011100111100111001111100011111111111110011111111111001111111111111111111111111111111111111111111111111111
11111111111111111111111111111111111111111111111111111001111111111001111111111111100111111001110011100111100111001111100011111111111110011111111111001111111111111111111111111111111111111111111111111111
11111111111111111111111111111111111111111111111111111001111111111001111111111111100011111001110011100111100111000111100011111111111110011111111111001111111111111111111111111111111111111111111111111111
11111111111111111111111111111111111111111111111111111001111111111001111111111111100000000001110011100111100111000000000011111111111110011111111111001111111111111111111111111111111111111111111111111111
11111111111111111111111111111111111111111111111111111001111111111001111111111111100000000001110011100111100111000000000011111111111110011111111111001111111111111111111111111111111111111111111111111111
11111111111111111111111111111111111111111111111111111001111111111001111111111111100111111001110011100111100110001111110011111111111110011111111111001111111111111111111111111111111111111111111111111111
11111111111111111111111111111111111111111111111111111001111111111001111111111111100111111001110011100111100110001111110011111111111110011111111111001111111111111111111111111111111111111111111111111111
11111111111111111111111111111111111111111111111111111001111111111001111111111111100111111001110011100111100110001111110001111111111110011111111111001111111111111111111111111111111111111111111111111111
11111111111111111111111111111111111111111111111111111001111111111001111111111111000111111001110011100111100110001111111001111111111110011111111111001111111111111111111111111111111111111111111111111111
11111111111111111111111111111111111111111111111111111001111111111001111111111111001111111001110011100111100110001111111001111111111110011111111111001111111111111111111111111111111111111111111111111111
11111111111111111111111111111111111111111111111111111001111111111000111111111111001111110001110011100011100110001111110001111111111110001111111111001111111111111111111111111111111111111111111111111111
11111111111111111111111111111111111111111111111111111000000000000000000000000000000000000000000000000000000000000000000000000000000000000000000000001111111111111111111111111111111111111111111111111111
11111111111111111111111111111111111111111111111111111000000000000000000000000000000000000000000000000000000000000000000000000000000000000000000000001111111111111111111111111111111111111111111111111111
11111111111111111111111111111111111111111111111111111111111111111111111111111111111111111111111111111111111111111111111111111111111111111111111111111111111111111111111111111111111111111111111111111111
11111111111111111111111111111111111111111111111111111111111111111111111111111111111111111111111111111111111111111111111111111111111111111111111111111111111111111111111111111111111111111111111111111111
11111111111111111111111111111111111111111111111111111111111111111111111111111111111111111111111111111111111111111111111111111111111111111111111111111111111111111111111111111111111111111111111111111111
11111111111111111111111111111111111111111111111111111111111111111111111111111111111111111111111111111111111111111111111111111111111111111111111111111111111111111111111111111111111111111111111111111111
